12
16
7
5
12
5
37
100
100
83
100
100
62
2
2
3
1
2
2
3
3
2
2
2
13
100
100
100
100
100
100
100
100
92
100
100
100
100
100
100
100
93
100
100
100
100
100
100
100
96
100
100
100
100
100
100
100
96
100
100
100
100
100
100
100
94
100
100
100
100
100
100
100
96
100
100
100
100
100
100
100
96
100
100
100
100
100
100
100
96
100
100
100
100
100
100
100
100
96
100
100
100
100
100
100
100
96
100
100
100
100
100
100
100
96
100
100
100
100
100
100
100
96
100
100
100
100
100
100
96
100
100
100
100
100
100
100
96
100
100
100
100
100
100
100
96
100
100
100
100
100
100
100
96
100
100
100
100
100
100
100
96
100
100
100
100
100
100
100
100
96
100
100
100
100
100
100
100
96
100
100
100
100
100
100
100
96
100
100
100
100
100
100
100
96
100
100
100
100
100
